   10000.00    
   10251.28    
   10502.31    
   10752.85    
   11002.65    
   11251.45    
   11499.02    
   11745.11    
   11989.48    
   12231.88    
   12472.09    
   12709.85    
   12944.94    
   13177.12    
   13406.17    
   13631.86    
   13853.96    
   14072.26    
   14286.54    
   14496.59    
   14702.20    
   14903.17    
   15099.31    
   15290.41    
   15476.29    
   15656.76    
   15831.66    
   16000.80    
   16164.02    
   16321.15    
   16472.05    
   16616.56    
   16754.54    
   16885.85    
   17010.37    
   17127.97    
   17238.54    
   17341.96    
   17438.14    
   17526.98    
   17608.39    
   17682.29    
   17748.61    
   17807.29    
   17858.26    
   17901.47    
   17936.89    
   17964.47    
   17984.20    
   17996.04    
   18000.00    
   17996.06    
   17984.23    
   17964.52    
   17936.95    
   17901.55    
   17858.35    
   17807.40    
   17748.74    
   17682.43    
   17608.55    
   17527.15    
   17438.33    
   17342.16    
   17238.75    
   17128.20    
   17010.62    
   16886.11    
   16754.81    
   16616.84    
   16472.35    
   16321.46    
   16164.34    
   16001.13    
   15832.01    
   15657.12    
   15476.66    
   15290.79    
   15099.70    
   14903.57    
   14702.61    
   14497.01    
   14286.97    
   14072.70    
   13854.40    
   13632.31    
   13406.63    
   13177.59    
   12945.41    
   12710.33    
   12472.57    
   12232.37    
   11989.97    
   11745.61    
   11499.52    
   11251.95    
   11003.15    
   10753.36    
   10502.82    
   10251.79    
   10000.51    
   9749.228    
   9498.194    
   9247.654    
   8997.859    
   8749.053    
   8501.480    
   8255.385    
   8011.013    
   7768.604    
   7528.397    
   7290.628    
   7055.534    
   6823.345    
   6594.290    
   6368.598    
   6146.488    
   5928.182    
   5713.893    
   5503.834    
   5298.212    
   5097.229    
   4901.086    
   4709.975    
   4524.084    
   4343.595    
   4168.690    
   3999.539    
   3836.309    
   3679.163    
   3528.253    
   3383.729    
   3245.737    
   3114.408    
   2989.874    
   2872.260    
   2761.678    
   2658.241    
   2562.047    
   2473.193    
   2391.768    
   2317.851    
   2251.514    
   2192.825    
   2141.839    
   2098.608    
   2063.176    
   2035.575    
   2015.833    
   2003.971    
   2000.000    
   2003.923    
   2015.737    
   2035.431    
   2062.984    
   2098.370    
   2141.553    
   2192.491    
   2251.135    
   2317.425    
   2391.296    
   2472.676    
   2561.484    
   2657.633    
   2761.029    
   2871.566    
   2989.139    
   3113.632    
   3244.918    
   3382.872    
   3527.356    
   3678.226    
   3835.336    
   3998.528    
   4167.645    
   4342.516    
   4522.969    
   4708.829    
   4899.911    
   5096.022    
   5296.977    
   5502.572    
   5712.603    
   5926.867    
   6145.148    
   6367.236    
   6592.910    
   6821.941    
   7054.114    
   7289.192    
   7526.943    
   7767.138    
   8009.536    
   8253.895    
   8499.979    
   8747.546    
   8996.344    
   9246.136    
   9496.668    
   9747.701    
   9998.982    
   10250.26    
   10501.30    
   10751.84    
   11001.63    
   11250.45    
   11498.02    
   11744.12    
   11988.49    
   12230.91    
   12471.12    
   12708.89    
   12943.99    
   13176.19    
   13405.25    
   13630.95    
   13853.07    
   14071.38    
   14285.68    
   14495.75    
   14701.38    
   14902.37    
   15098.52    
   15289.64    
   15475.55    
   15656.04    
   15830.96    
   16000.13    
   16163.37    
   16320.52    
   16471.45    
   16615.98    
   16753.99    
   16885.33    
   17009.88    
   17127.51    
   17238.11    
   17341.56    
   17437.77    
   17526.63    
   17608.07    
   17682.01    
   17748.36    
   17807.06    
   17858.06    
   17901.31    
   17936.76    
   17964.38    
   17984.13    
   17996.01    
   18000.00    
   17996.09    
   17984.29    
   17964.62    
   17937.08    
   17901.71    
   17858.54    
   17807.62    
   17748.99    
   17682.72    
   17608.86    
   17527.50    
   17438.70    
   17342.57    
   17239.19    
   17128.66    
   17011.11    
   16886.63    
   16755.35    
   16617.41    
   16472.95    
   16322.08    
   16164.99    
   16001.81    
   15832.71    
   15657.84    
   15477.40    
   15291.56    
   15100.48    
   14904.38    
   14703.44    
   14497.85    
   14287.83    
   14073.57    
   13855.29    
   13633.22    
   13407.55    
   13178.52    
   12946.36    
   12711.29    
   12473.54    
   12233.35    
   11990.96    
   11746.60    
   11500.52    
   11252.96    
   11004.16    
   10754.37    
   10503.84    
   10252.81    
   10001.53    
   9750.246    
   9499.214    
   9248.667    
   8998.870    
   8750.061    
   8502.478    
   8256.380    
   8012.002    
   7769.580    
   7529.365    
   7291.588    
   7056.478    
   6824.279    
   6595.214    
   6369.502    
   6147.380    
   5929.060    
   5714.750    
   5504.675    
   5299.037    
   5098.038    
   4901.870    
   4710.740    
   4524.828    
   4344.314    
   4169.388    
   4000.215    
   3836.957    
   3679.787    
   3528.853    
   3384.301    
   3246.282    
   3114.928    
   2990.365    
   2872.722    
   2762.113    
   2658.643    
   2562.421    
   2473.539    
   2392.082    
   2318.135    
   2251.768    
   2193.046    
   2142.030    
   2098.768    
   2063.304    
   2035.671    
   2015.898    
   2004.003    
   2000.000    
   2003.891    
   2015.673    
   2035.335    
   2062.856    
   2098.210    
   2141.363    
   2192.270    
   2250.881    
   2317.141    
   2390.981    
   2472.331    
   2561.111    
   2657.229    
   2760.594    
   2871.106    
   2988.649    
   3113.112    
   3244.371    
   3382.300    
   3526.756    
   3677.600    
   3834.688    
   3997.855    
   4166.945    
   4341.797    
   4522.228    
   4708.063    
   4899.127    
   5095.219    
   5296.151    
   5501.731    
   5711.744    
   5925.989    
   6144.260    
   6366.330    
   6591.986    
   6821.012    
   7053.168    
   7288.232    
   7525.979    
   7766.161    
   8008.547    
   8252.898    
   8498.980    
   8746.537    
   8995.331    
   9245.123    
   9495.653    
   9746.681    
   99979.66    
   102492.5    
   105002.8    
   107508.3    
   110006.3    
   112494.4    
   114970.2    
   117431.2    
   119875.1    
   122299.3    
   124701.5    
   127079.3    
   129430.5    
   131752.5    
   134043.2    
   136300.4    
   138521.8    
   140705.0    
   142848.1    
   144949.0    
   147005.5    
   149015.6    
   150977.4    
   152888.8    
   154748.0    
   156553.3    
   158302.6    
   159994.5    
   161627.2    
   163199.0    
   164708.5    
   166154.1    
   167534.5    
   168848.1    
   170093.9    
   171270.5    
   172376.7    
   173411.5    
   174373.9    
   175262.9    
   176077.6    
   176817.2    
   177481.0    
   178068.4    
   178578.8    
   179011.5    
   179366.3    
   179642.8    
   179840.7    
   179959.8    
   180000.0    
   179961.3    
   179843.6    
   179647.1    
   179372.1    
   179018.7    
   178587.3    
   178078.4    
   177492.5    
   176830.0    
   176091.8    
   175278.4    
   174390.8    
   173429.7    
   172396.2    
   171291.3    
   170116.0    
   168871.5    
   167559.0    
   166179.9    
   164735.4    
   163227.1    
   161656.4    
   160024.8    
   158334.0    
   156585.6    
   154781.4    
   152923.2    
   151012.6    
   149051.8    
   147042.6    
   144986.9    
   142886.9    
   140744.5    
   138561.9    
   136341.2    
   134084.8    
   131794.6    
   129473.0    
   127122.5    
   124745.1    
   122343.3    
   119919.5    
   117476.0    
   115015.2    
   112539.6    
   110051.7    
   107553.8    
   105048.5    
   102538.3    
   100025.4    
   97512.63    
   95002.29    
   92496.80    
   89998.79    
   87510.66    
   85034.77    
   82573.72    
   80129.87    
   77705.56    
   75303.40    
   72925.45    
   70574.23    
   68252.20    
   65961.34    
   63704.09    
   61482.78    
   59299.35    
   57156.09    
   55055.23    
   52998.60    
   50988.36    
   49026.60    
   47115.02    
   45255.64    
   43450.39    
   41700.84    
   40008.82    
   38376.11    
   36804.10    
   35294.47    
   33848.78    
   32468.28    
   31154.42    
   29908.58    
   28731.84    
   27625.43    
   26590.50    
   25627.96    
   24738.81    
   23923.99    
   23184.19    
   22520.19    
   21932.70    
   21422.21    
   20989.29    
   20634.32    
   20357.66    
   20159.62    
   20040.36    
   20000.00    
   20038.59    
   20156.10    
   20352.40    
   20627.28    
   20980.51    
   21411.73    
   21920.46    
   22506.28    
   23168.58    
   23906.65    
   24719.87    
   25607.37    
   26568.23    
   27601.61    
   28706.45    
   29881.56    
   31125.95    
   32438.30    
   33817.25    
   35261.59    
   36769.82    
   38340.35    
   39971.83    
   41662.54    
   43410.73    
   45214.86    
   47073.06    
   48983.38    
   50944.16    
   52953.34    
   55008.84    
   57108.86    
   59251.20    
   61433.62    
   63654.24    
   65910.73    
   68200.71    
   70522.22    
   72872.82    
   75250.05    
   77651.84    
   80075.69    
   82519.05    
   84979.82    
   87455.25    
   89943.22    
   92441.11    
   94946.30    
   97456.64    
   99969.48    
   102482.2    
   104992.6    
   107498.1    
   109996.1    
   112484.3    
   114960.2    
   117421.2    
   119865.2    
   122289.6    
   124691.8    
   127069.8    
   129421.0    
   131743.1    
   134034.1    
   136291.4    
   138512.8    
   140696.3    
   142839.6    
   144940.6    
   146997.3    
   149007.6    
   150969.5    
   152881.2    
   154740.7    
   156546.0    
   158295.7    
   159987.8    
   161620.7    
   163192.8    
   164702.5    
   166148.4    
   167529.0    
   168843.0    
   170089.0    
   171265.8    
   172372.4    
   173407.5    
   174370.2    
   175259.5    
   176074.4    
   176814.4    
   177478.5    
   178066.2    
   178576.8    
   179009.9    
   179365.0    
   179641.9    
   179840.1    
   179959.5    
   180000.0    
   179961.6    
   179844.2    
   179648.1    
   179373.3    
   179020.3    
   178589.2    
   178080.6    
   177495.0    
   176832.8    
   176094.9    
   175281.9    
   174394.5    
   173433.8    
   172400.5    
   171295.9    
   170120.9    
   168876.6    
   167564.4    
   166185.6    
   164741.4    
   163233.3    
   161662.9    
   160031.5    
   158340.9    
   156592.9    
   154788.8    
   152930.8    
   151020.5    
   149059.9    
   147050.8    
   144995.4    
   142895.4    
   140753.2    
   138570.8    
   136350.3    
   134093.9    
   131804.0    
   129482.5    
   127132.1    
   124754.8    
   122353.0    
   119929.4    
   117485.9    
   115025.2    
   112549.8    
   110061.8    
   107564.0    
   105058.8    
   102548.4    
   100035.6    
   97522.88    
   95012.44    
   92506.93    
   90008.96    
   87520.70    
   85044.76    
   82583.73    
   80139.73    
   77715.33    
   75313.07    
   72935.03    
   70583.70    
   68261.53    
   65970.55    
   63713.15    
   61491.70    
   59308.11    
   57164.67    
   55063.64    
   53006.84    
   50996.40    
   49034.44    
   47122.66    
   45263.06    
   43457.59    
   41707.80    
   40015.55    
   38382.59    
   36810.34    
   35300.45    
   33854.50    
   32473.73    
   31159.61    
   29913.49    
   28736.46    
   27629.83    
   26594.55    
   25631.71    
   24742.32    
   23927.13    
   23187.03    
   22522.77    
   21934.92    
   21424.12    
   20990.88    
   20635.59    
   20358.63    
   20160.26    
   20040.68    
   20000.01    
   20038.28    
   20155.47    
   20351.45    
   20626.01    
   20978.93    
   21409.82    
   21918.25    
   22503.76    
   23165.74    
   23903.52    
   24716.42    
   25603.63    
   26564.19    
   27597.28    
   28701.83    
   29876.66    
   31120.77    
   32432.86    
   33811.54    
   35255.61    
   36763.59    
   38333.87    
   39965.11    
   41655.59    
   43403.54    
   45207.45    
   47065.44    
   48975.54    
   50936.12    
   52945.12    
   55000.42    
   57100.27    
   59242.32    
   61424.71    
   63645.18    
   65901.38    
   68191.38    
   70512.77    
   72863.11    
   75240.38    
   77642.08    
   80065.70    
   82509.13    
   84969.83    
   87445.20    
   89933.13    
   92430.98    
   94936.15    
   97446.48    
   9995.932    
   10247.20    
   10498.25    
   10748.80    
   10998.60    
   11247.43    
   11495.02    
   11741.13    
   11985.53    
   12227.98    
   12468.21    
   12706.02    
   12941.16    
   13173.38    
   13402.49    
   13628.23    
   13850.38    
   14068.75    
   14283.10    
   14493.21    
   14698.91    
   14899.96    
   15096.16    
   15287.35    
   15473.32    
   15653.88    
   15828.87    
   15998.11    
   16161.42    
   16318.65    
   16469.65    
   16614.26    
   16752.35    
   16883.77    
   17008.41    
   17126.12    
   17236.80    
   17340.34    
   17436.64    
   17525.60    
   17607.13    
   17681.15    
   17747.60    
   17806.40    
   17857.49    
   17900.83    
   17936.38    
   17964.09    
   17983.94    
   17995.92    
   18000.00    
   17996.19    
   17984.48    
   17964.90    
   17937.46    
   17902.19    
   17859.11    
   17808.29    
   17749.75    
   17683.57    
   17609.81    
   17528.53    
   17439.82    
   17343.78    
   17240.49    
   17130.05    
   17012.58    
   16888.18    
   16756.99    
   16619.13    
   16474.74    
   16323.95    
   16166.94    
   16003.83    
   15834.79    
   15660.01    
   15479.63    
   15293.85    
   15102.84    
   14906.79    
   14705.91    
   14500.38    
   14290.40    
   14076.21    
   13857.97    
   13635.94    
   13410.32    
   13181.33    
   12949.20    
   12714.17    
   12476.45    
   12236.28    
   11993.92    
   11749.58    
   11503.52    
   11255.98    
   11007.19    
   10757.41    
   10506.89    
   10255.86    
   10004.58    
   9753.304    
   9502.259    
   9251.705    
   9001.905    
   8753.075    
   8505.475    
   8259.365    
   8014.958    
   7772.510    
   7532.274    
   7294.460    
   7059.315    
   6827.087    
   6597.976    
   6372.221    
   6150.061    
   5931.687    
   5717.327    
   5507.206    
   5301.506    
   5100.444    
   4904.228    
   4713.029    
   4527.059    
   4346.479    
   4171.477    
   4002.238    
   3838.908    
   3681.658    
   3530.652    
   3386.021    
   3247.918    
   3116.486    
   2991.839    
   2874.108    
   2763.417    
   2659.859    
   2563.546    
   2474.576    
   2393.028    
   2318.987    
   2252.530    
   2193.715    
   2142.603    
   2099.248    
   2063.687    
   2035.959    
   2016.091    
   2004.101    
   2000.001    
   2003.797    
   2015.483    
   2035.049    
   2062.475    
   2097.734    
   2140.792    
   2191.604    
   2250.123    
   2316.291    
   2390.038    
   2471.298    
   2559.989    
   2656.016    
   2759.296    
   2869.722    
   2987.177    
   3111.560    
   3242.741    
   3380.582    
   3524.964    
   3675.736    
   3832.739    
   3995.838    
   4164.853    
   4339.635    
   4520.004    
   4705.770    
   4896.771    
   5092.809    
   5293.677    
   5499.202    
   5709.168    
   5923.356    
   6141.580    
   6363.612    
   6589.219    
   6818.205    
   7050.332    
   7285.354    
   7523.070    
   7763.231    
   8005.584    
   8249.920    
   8495.983    
   8743.516    
   8992.304    
   9242.085    
   9492.601    
   9743.631    
   9994.914    
   10246.19    
   10497.23    
   10747.79    
   10997.59    
   11246.42    
   11494.03    
   11740.14    
   11984.55    
   12227.00    
   12467.24    
   12705.06    
   12940.21    
   13172.45    
   13401.56    
   13627.33    
   13849.49    
   14067.88    
   14282.24    
   14492.37    
   14698.07    
   14899.15    
   15095.38    
   15286.58    
   15472.58    
   15653.16    
   15828.16    
   15997.44    
   16160.77    
   16318.02    
   16469.06    
   16613.69    
   16751.80    
   16883.26    
   17007.92    
   17125.65    
   17236.37    
   17339.94    
   17436.26    
   17525.26    
   17606.81    
   17680.87    
   17747.35    
   17806.17    
   17857.30    
   17900.67    
   17936.25    
   17963.99    
   17983.88    
   17995.88    
   18000.00    
   17996.22    
   17984.55    
   17965.00    
   17937.59    
   17902.35    
   17859.30    
   17808.50    
   17750.00    
   17683.85    
   17610.12    
   17528.87    
   17440.20    
   17344.18    
   17240.92    
   17130.52    
   17013.06    
   16888.70    
   16757.54    
   16619.70    
   16475.33    
   16324.58    
   16167.58    
   16004.50    
   15835.50    
   15660.71    
   15480.37    
   15294.61    
   15103.61    
   14907.59    
   14706.73    
   14501.21    
   14291.26    
   14077.08    
   13858.85    
   13636.84    
   13411.24    
   13182.25    
   12950.14    
   12715.12    
   12477.43    
   12237.26    
   11994.91    
   11750.59    
   11504.52    
   11256.99    
   11008.22    
   10758.42    
   10507.91    
   10256.89    
   10005.59    
   9754.320    
   9503.289    
   9252.718    
   9002.914    
   8754.095    
   8506.475    
   8260.358    
   8015.958    
   7773.487    
   7533.242    
   7295.432    
   7060.261    
   6828.021    
   6598.910    
   6373.128    
   6150.953    
   5932.575    
   5718.186    
   5508.047    
   5302.342    
   5101.248    
   4905.012    
   4713.804    
   4527.790    
   4347.198    
   4172.185    
   4002.901    
   3839.557    
   3682.292    
   3531.242    
   3386.594    
   3248.472    
   3116.997    
   2992.330    
   2874.578    
   2763.844    
   2660.264    
   2563.927    
   2474.916    
   2393.343    
   2319.276    
   2252.780    
   2193.937    
   2142.797    
   2099.406    
   2063.815    
   2036.057    
   2016.155    
   2004.133    
   2000.002    
   2003.766    
   2015.420    
   2034.953    
   2062.350    
   2097.575    
   2140.600    
   2191.386    
   2249.871    
   2316.004    
   2389.729    
   2470.954    
   2559.609    
   2655.619    
   2758.863    
   2869.253    
   2986.695    
   3111.043    
   3242.188    
   3380.020    
   3524.366    
   3675.104    
   3832.101    
   3995.166    
   4164.157    
   4338.927    
   4519.263    
   4705.007    
   4896.000    
   5092.006    
   5292.854    
   5498.374    
   5708.310    
   5922.481    
   6140.703    
   6362.706    
   6588.298    
   6817.258    
   7049.386    
   7284.397    
   7522.089    
   7762.254    
   8004.599    
   8248.913    
   8494.984    
   8742.512    
   8991.279    
   9241.073    
   9491.585    
   9742.599    
   9993.897    
   10245.17    
   10496.20    
   10746.78    
   10996.58    
   11245.40    
   11493.03    
   11739.15    
   11983.55    
   12226.02    
   12466.27    
   12704.09    
   12939.27    
   13171.51    
   13400.63    
   13626.42    
   13848.60    
   14066.99    
   14281.38    
   14491.53    
   14697.25    
   14898.35    
   15094.60    
   15285.81    
   15471.84    
   15652.44    
   15827.47    
   15996.76    
   16160.12    
   16317.40    
   16468.46    
   16613.12    
   16751.26    
   16882.74    
   17007.43    
   17125.19    
   17235.94    
   17339.53    
   17435.89    
   17524.91    
   17606.50    
   17680.58    
   17747.09    
   17805.95    
   17857.11    
   17900.52    
   17936.12    
   17963.89    
   17983.81    
   17995.85    
   18000.00    
   17996.25    
   17984.61    
   17965.09    
   17937.71    
   17902.50    
   17859.50    
   17808.72    
   17750.26    
   17684.14    
   17610.43    
   17529.22    
   17440.58    
   17344.58    
   17241.35    
   17130.98    
   17013.55    
   16889.21    
   16758.08    
   16620.27    
   16475.93    
   16325.21    
   16168.22    
   16005.17    
   15836.19    
   15661.43    
   15481.11    
   15295.37    
   15104.39    
   14908.40    
   14707.56    
   14502.07    
   14292.12    
   14077.96    
   13859.77    
   13637.75    
   13412.16    
   13183.21    
   12951.09    
   12716.08    
   12478.39    
   12238.23    
   11995.89    
   11751.58    
   11505.51    
   11257.99    
   11009.23    
   10759.43    
   10508.92    
   10257.91    
   10006.61    
   9755.337    
   9504.305    
   9253.730    
   9003.924    
   8755.100    
   8507.474    
   8261.351    
   8016.943    
   7774.464    
   7534.209    
   7296.389    
   7061.207    
   6828.955    
   6599.831    
   6374.035    
   6151.844    
   5933.451    
   5719.045    
   5508.889    
   5303.166    
   5102.052    
   4905.796    
   4714.567    
   4528.531    
   4347.918    
   4172.881    
   4003.575    
   3840.206    
   3682.915    
   3531.840    
   3387.167    
   3249.018    
   3117.515    
   2992.821    
   2875.040    
   2764.277    
   2660.668    
   2564.302    
   2475.261    
   2393.658    
   2319.560    
   2253.033    
   2194.160    
   2142.989    
   2099.565    
   2063.944    
   2036.153    
   2016.219    
   2004.166    
   2000.003    
   2003.734    
   2015.357    
   2034.858    
   2062.223    
   2097.417    
   2140.410    
   2191.164    
   2249.619    
   2315.721    
   2389.415    
   2470.611    
   2559.236    
   2655.215    
   2758.431    
   2868.792    
   2986.206    
   3110.525    
   3241.644    
   3379.448    
   3523.769    
   3674.481    
   3831.453    
   3994.494    
   4163.461    
   4338.187    
   4518.522    
   4704.245    
   4895.193    
   5091.202    
   5292.032    
   5497.507    
   5707.451    
   5921.606    
   6139.785    
   6361.800    
   6587.379    
   6816.325    
   7048.440    
   7283.441    
   7521.122    
   7761.278    
   8003.614    
   8247.921    
   8493.985    
   8741.507    
   8990.271    
   9240.061    
   9490.570    
   9741.582    
   99.92880    
   102.4415    
   104.9519    
   107.4576    
   109.9557    
   112.4440    
   114.9203    
   117.3815    
   119.8256    
   122.2505    
   124.6531    
   127.0313    
   129.3832    
   131.7058    
   133.9971    
   136.2551    
   138.4771    
   140.6611    
   142.8053    
   144.9069    
   146.9642    
   148.9755    
   150.9381    
   152.8505    
   154.7110    
   156.5172    
   158.2677    
   159.9609    
   161.5947    
   163.1677    
   164.6786    
   166.1255    
   167.5071    
   168.8223    
   170.0693    
   171.2473    
   172.3551    
   173.3913    
   174.3551    
   175.2457    
   176.0618    
   176.8030    
   177.4684    
   178.0573    
   178.5692    
   179.0035    
   179.3599    
   179.6380    
   179.8375    
   179.9582    
   180.0000    
   179.9628    
   179.8467    
   179.6519    
   179.3784    
   179.0266    
   178.5968    
   178.0895    
   177.5051    
   176.8442    
   176.1074    
   175.2956    
   174.4095    
   173.4499    
   172.4178    
   171.3144    
   170.1404    
   168.8973    
   167.5863    
   166.2085    
   164.7653    
   163.2583    
   161.6889    
   160.0584    
   158.3689    
   156.6217    
   154.8185    
   152.9614    
   151.0520    
   149.0920    
   147.0838    
   145.0291    
   142.9298    
   140.7883    
   138.6066    
   136.3865    
   134.1308    
   131.8414    
   129.5203    
   127.1704    
   124.7936    
   122.3921    
   119.9688    
   117.5258    
   115.0651    
   112.5900    
   110.1023    
   107.6045    
   105.0994    
   102.5893    
   100.0763    
   97.56354    
   95.05320    
   92.54743    
   90.04932    
   87.56104    
   85.08473    
   82.62344    
   80.17929    
   77.75441    
   75.35177    
   72.97346    
   70.62154    
   68.29888    
   66.00751    
   63.74941    
   61.52736    
   59.34327    
   57.19904    
   55.09731    
   53.03989    
   51.02856    
   49.06580    
   47.15331    
   45.29274    
   43.48638    
   41.73578    
   40.04248    
   38.40855    
   36.83539    
   35.32439    
   33.87738    
   32.49564    
   31.18034    
   29.93311    
   28.75503    
   27.64711    
   26.61073    
   25.64677    
   24.75607    
   23.93973    
   23.19845    
   22.53288    
   21.94382    
   21.43180    
   20.99726    
   20.64072    
   20.36250    
   20.16284    
   20.04199    
   20.00004    
   20.03703    
   20.15294    
   20.34763    
   20.62096    
   20.97259    
   21.40220    
   21.90944    
   22.49367    
   23.15438    
   23.89102    
   24.70267    
   25.58862    
   26.54812    
   27.57999    
   28.68332    
   29.85702    
   31.10009    
   32.41100    
   33.78860    
   35.23172    
   36.73858    
   38.30786    
   39.93822    
   41.62766    
   43.37469    
   45.17781    
   47.03482    
   48.94410    
   50.90399    
   52.91210    
   54.96667    
   57.06593    
   59.20731    
   61.38894    
   63.60894    
   65.86459    
   68.15392    
   70.47495    
   72.82484    
   75.20155    
   77.60301    
   80.02629    
   82.46928    
   84.92987    
   87.40503    
   89.89262    
   92.39048    
   94.89555    
   97.40565    
   99.91863    
   102.4314    
   104.9417    
   107.4475    
   109.9456    
   112.4339    
   114.9103    
   117.3716    
   119.8158    
   122.2407    
   124.6434    
   127.0218    
   129.3737    
   131.6964    
   133.9879    
   136.2460    
   138.4682    
   140.6523    
   142.7967    
   144.8985    
   146.9560    
   148.9674    
   150.9303    
   152.8429    
   154.7036    
   156.5100    
   158.2607    
   159.9541    
   161.5882    
   163.1615    
   164.6726    
   166.1198    
   167.5016    
   168.8171    
   170.0644    
   171.2427    
   172.3507    
   173.3872    
   174.3513    
   175.2422    
   176.0587    
   176.8001    
   177.4659    
   178.0551    
   178.5672    
   179.0020    
   179.3586    
   179.6370    
   179.8368    
   179.9578    
   180.0000    
   179.9631    
   179.8474    
   179.6528    
   179.3797    
   179.0282    
   178.5987    
   178.0917    
   177.5076    
   176.8470    
   176.1106    
   175.2991    
   174.4132    
   173.4540    
   172.4222    
   171.3190    
   170.1454    
   168.9025    
   167.5917    
   166.2142    
   164.7713    
   163.2645    
   161.6954    
   160.0651    
   158.3758    
   156.6289    
   154.8259    
   152.9690    
   151.0598    
   149.1000    
   147.0920    
   145.0375    
   142.9384    
   140.7971    
   138.6155    
   136.3956    
   134.1400    
   131.8508    
   129.5298    
   127.1799    
   124.8033    
   122.4019    
   119.9786    
   117.5357    
   115.0751    
   112.6000    
   110.1124    
   107.6146    
   105.1095    
   102.5994    
   100.0865    
   97.57371    
   95.06335    
   92.55756    
   90.05942    
   87.57109    
   85.09472    
   82.63336    
   80.18914    
   77.76418    
   75.36145    
   72.98303    
   70.63100    
   68.30822    
   66.01672    
   63.75848    
   61.53628    
   59.35203    
   57.20764    
   55.10573    
   53.04812    
   51.03661    
   49.07365    
   47.16095    
   45.30016    
   43.49358    
   41.74275    
   40.04921    
   38.41504    
   36.84164    
   35.33038    
   33.88311    
   32.50109    
   31.18553    
   29.93802    
   28.75965    
   27.65145    
   26.61478    
   25.65052    
   24.75953    
   23.94289    
   23.20130    
   22.53541    
   21.94606    
   21.43371    
   20.99885    
   20.64201    
   20.36347    
   20.16349    
   20.04232    
   20.00005    
   20.03673    
   20.15231    
   20.34669    
   20.61966    
   20.97101    
   21.40031    
   21.90716    
   22.49115    
   23.15155    
   23.88779    
   24.69923    
   25.58489    
   26.54397    
   27.57567    
   28.67871    
   29.85213    
   31.09492    
   32.40556    
   33.78289    
   35.22575    
   36.73235    
   38.30139    
   39.93151    
   41.62070    
   43.36750    
   45.17041    
   47.02720    
   48.93627    
   50.89596    
   52.90388    
   54.95826    
   57.05735    
   59.19856    
   61.38003    
   63.59988    
   65.85538    
   68.14458    
   70.46550    
   72.81528    
   75.19188    
   77.59325    
   80.01644    
   82.45936    
   84.91988    
   87.39498    
   89.88252    
   92.38036    
   94.88540    
   97.39549    
   9990.846    
   10242.12    
   10493.16    
   10743.74    
   10993.55    
   11242.39    
   11490.03    
   11736.17    
   11980.59    
   12223.09    
   12463.37    
   12701.22    
   12936.43    
   13168.71    
   13397.87    
   13623.70    
   13845.93    
   14064.36    
   14278.81    
   14489.01    
   14694.78    
   14895.94    
   15092.24    
   15283.52    
   15469.61    
   15650.28    
   15825.38    
   15994.74    
   16158.17    
   16315.52    
   16466.66    
   16611.40    
   16749.62    
   16881.19    
   17005.95    
   17123.80    
   17234.64    
   17338.32    
   17434.76    
   17523.88    
   17605.55    
   17679.73    
   17746.33    
   17805.28    
   17856.53    
   17900.04    
   17935.73    
   17963.61    
   17983.62    
   17995.75    
   17999.99    
   17996.34    
   17984.80    
   17965.38    
   17938.10    
   17902.98    
   17860.06    
   17809.39    
   17751.01    
   17684.99    
   17611.38    
   17530.25    
   17441.70    
   17345.80    
   17242.65    
   17132.36    
   17015.03    
   16890.77    
   16759.72    
   16622.00    
   16477.72    
   16327.08    
   16170.18    
   16007.19    
   15838.28    
   15663.61    
   15483.33    
   15297.66    
   15106.76    
   14910.81    
   14710.02    
   14504.59    
   14294.69    
   14080.58    
   13862.44    
   13640.46    
   13414.92    
   13186.01    
   12953.92    
   12718.95    
   12481.30    
   12241.16    
   11998.85    
   11754.56    
   11508.51    
   11261.00    
   11012.25    
   10762.47    
   10511.97    
   10260.96    
   10009.66    
   9758.387    
   9507.350    
   9256.769    
   9006.951    
   8758.113    
   8510.472    
   8264.329    
   8019.900    
   7777.395    
   7537.113    
   7299.261    
   7064.045    
   6831.756    
   6602.593    
   6376.755    
   6154.520    
   5936.079    
   5721.623    
   5511.415    
   5305.636    
   5104.465    
   4908.149    
   4716.858    
   4530.758    
   4350.078    
   4174.973    
   4005.595    
   3842.154    
   3684.788    
   3533.636    
   3388.884    
   3250.656    
   3119.071    
   2994.293    
   2876.428    
   2765.580    
   2661.883    
   2565.428    
   2476.298    
   2394.604    
   2320.415    
   2253.795    
   2194.828    
   2143.564    
   2100.051    
   2064.330    
   2036.444    
   2016.416    
   2004.265    
   2000.006    
   2003.641    
   2015.169    
   2034.574    
   2061.840    
   2096.943    
   2139.842    
   2190.495    
   2248.863    
   2314.873    
   2388.466    
   2469.580    
   2558.115    
   2653.994    
   2757.135    
   2867.410    
   2984.724    
   3108.975    
   3240.011    
   3377.719    
   3521.978    
   3672.613    
   3829.491    
   3992.479    
   4161.375    
   4336.032    
   4516.300    
   4701.958    
   4892.844    
   5088.793    
   5289.565    
   5494.985    
   5704.877    
   5918.981    
   6137.113    
   6359.083    
   6584.619    
   6813.525    
   7045.604    
   7280.571    
   7518.221    
   7758.349    
   8000.660    
   8244.943    
   8490.989    
   8738.494    
   8987.243    
   9237.022    
   9487.524    
   9738.532  
